gene_id	gene_short_name	value_1	value_2	fold_change	log2_fold_change	test_stat	p_value	q_value
XLOC_029140	H39E23.3	0.0604255	18.4839	305.896544575733	8.2569	-8.38473	0	0
XLOC_009821	nlp-32	0.390742	35.8708	91.8017658685327	6.52045	-4.39769	1.09408e-05	0.00108166
XLOC_031744	K06C4.1	0.0859571	6.87893	80.0272816621037	6.32242	-4.3593	1.30481e-05	0.00123688
XLOC_031737	F07B7.8	0.0819354	6.55651	80.0206254567731	6.3223	-4.31567	1.59118e-05	0.00142455
XLOC_001495	C54C8.12	0.479074	33.7926	70.5375714150639	6.14032	-3.71584	0.000202532	0.0121331
XLOC_013565	C50F7.5	1.20646	73.5329	60.9493952016446	5.92954	-10.5313	0	0
XLOC_002288	F48C1.9,spe-11	3.82283	217.596	56.920246321259	5.83087	-7.90927	2.66454e-15	1.34184e-12
XLOC_008334	cnc-6	2.46204	92.0883	37.4032052145424	5.22509	-8.02443	1.11022e-15	5.77137e-13
XLOC_007521	clec-60	0.0562993	1.66656	29.6017384545078	4.88761	-3.3729	0.000743805	0.0356739
XLOC_028920	lipl-1	1.44966	41.441	28.5866567600398	4.83727	-9.42805	0	0
XLOC_021290	F57H12.6	7.99411	220.662	27.6031307156628	4.78676	-11.5864	0	0
XLOC_013603	ora-1	9.72309	254.977	26.2238935835712	4.71281	-11.1744	0	0
XLOC_006347	ins-19	0.627611	15.0978	24.0559188308768	4.58832	-3.77263	0.000161533	0.0101684
XLOC_011904	F56D6.9	13.3501	281.729	21.1032018345615	4.39939	-6.39944	1.55952e-10	4.40907e-08
XLOC_034922	C45B2.3	1.69688	35.3659	20.8416847741182	4.3814	-4.45403	8.4273e-06	0.000870551
XLOC_006584	col-17	0.759112	15.6119	20.5660097227801	4.36219	-5.25563	1.47521e-07	2.64144e-05
XLOC_009598	C18D11.6	7.39515	140.805	19.0402431852596	4.25098	-7.02194	2.18803e-12	7.50214e-10
XLOC_019532	F56D6.8	38.4778	712.862	18.5265199031738	4.21152	-6.55935	5.4043e-11	1.64321e-08
XLOC_028248	col-146	0.493275	9.12018	18.4890603381433	4.2086	-4.82305	1.41378e-06	0.000185228
XLOC_032627	far-3	48.5392	855.396	17.6227846079382	4.13937	-13.73	0	0
XLOC_037297	dhs-26	2.00349	34.5626	17.2512620041812	4.10863	-7.14519	8.98837e-13	3.36855e-10
XLOC_031800	col-145	0.611078	10.5128	17.2037360886022	4.10465	-5.00328	5.63624e-07	8.41e-05
XLOC_029091	spp-12	1.9203	32.1316	16.732603116683	4.06459	-5.0776	3.82239e-07	6.03899e-05
XLOC_011957	dpy-13	1.40761	23.1248	16.4283991505177	4.03812	-5.13835	2.77154e-07	4.51146e-05
XLOC_030842	lys-7	43.3156	705.846	16.2953676852653	4.02639	-15.3513	0	0
XLOC_029579	cyp-37B1	0.145367	2.36851	16.2932217598236	4.0262	-4.10242	4.08857e-05	0.00312262
XLOC_014441	21ur-15387,F55G11.4	11.9184	193.093	16.2012138088753	4.01803	-11.7835	0	0
XLOC_031000	Y47D7A.13	1.15098	18.4966	16.0702447908954	4.00632	-6.50626	7.70457e-11	2.25744e-08
XLOC_005009	rol-6	0.343523	5.47625	15.9414394516537	3.99471	-4.15037	3.31944e-05	0.00264815
XLOC_032683	col-161	1.32353	19.7224	14.9013382908956	3.89737	-5.08748	3.62846e-07	5.78936e-05
XLOC_023965	dpy-4	1.14569	17.07	14.8992726699522	3.89717	-4.72139	2.34236e-06	0.000285963
XLOC_001497	nlp-39	1.46956	21.4755	14.6136028486209	3.86924	-4.76729	1.86724e-06	0.000238815
XLOC_031523	ftn-1	4.1476	59.8569	14.4317065143629	3.85117	-7.56766	3.79696e-14	1.65373e-11
XLOC_013465	C42D4.3	0.546786	7.44487	13.6157070790712	3.7672	-4.38998	1.13359e-05	0.00110714
XLOC_028180	grd-6	0.117046	1.56134	13.3395676237316	3.73764	-3.31156	0.000927781	0.0415311
XLOC_007297	T24B8.5	6.4624	85.2306	13.1886957843376	3.72123	-6.03143	1.62514e-09	3.63739e-07
XLOC_014144	col-125	2.24838	29.5828	13.157376973213	3.7178	-6.42095	1.3543e-10	3.89724e-08
XLOC_011180	Y47D3A.13	0.54054	6.78876	12.5591768020588	3.65067	-3.75291	0.000174792	0.0108307
XLOC_037648	T22B7.7	18.5338	232.421	12.5403872981122	3.64851	-12.4097	0	0
XLOC_036412	F40E10.5	0.667616	8.36793	12.5340434993284	3.64778	-5.181	2.20703e-07	3.66662e-05
XLOC_005485	rol-1	0.575527	7.08986	12.318886909053	3.6228	-3.77011	0.000163177	0.0102319
XLOC_006586	col-73	2.9927	36.7642	12.2846087055614	3.61878	-5.2491	1.52841e-07	2.70663e-05
XLOC_011905	dct-8	27.9754	340.713	12.1790525471856	3.60633	-6.07546	1.23631e-09	2.85172e-07
XLOC_035696	R07E3.2	0.622399	7.55738	12.1423015291051	3.60197	-4.14631	3.37884e-05	0.00266912
XLOC_008158	col-88	0.850015	10.1027	11.8852471592916	3.5711	-4.04603	5.20929e-05	0.00388647
XLOC_028366	B0024.4	5.34061	62.6537	11.7315359068807	3.55232	-8.4974	0	0
XLOC_001860	grl-16	1.02704	11.878	11.5652135478897	3.53172	-4.14743	3.36224e-05	0.00266909
XLOC_038307	col-175	0.956118	10.9256	11.4271204837635	3.51439	-3.59409	0.000325525	0.0179696
XLOC_022782	col-133	1.78662	20.3591	11.3953236855497	3.51037	-5.04831	4.45735e-07	6.90675e-05
XLOC_019621	ZK180.6	0.333855	3.71038	11.1137208214521	3.47427	-3.71412	0.000203914	0.0121707
XLOC_007178	col-77	2.36907	26.2098	11.0633009447616	3.46771	-5.32915	9.86737e-08	1.80696e-05
XLOC_026589	col-138	1.70045	18.7669	11.0364172408706	3.4642	-4.31934	1.56496e-05	0.00141682
XLOC_021676	ech-9	2.24307	24.4671	10.9078888541652	3.4473	-7.37891	1.5965e-13	6.4319e-11
XLOC_002151	R12E2.7	1.52111	16.4261	10.7988067447211	3.4328	-3.41102	0.000647199	0.0323198
XLOC_030928	nlp-34	62.7576	668.736	10.65589598535	3.41358	-7.58923	3.21965e-14	1.51082e-11
XLOC_010481	C23G10.6	0.929383	9.89297	10.6446750190286	3.41206	-5.95627	2.58058e-09	5.61975e-07
XLOC_007647	sqt-1	0.803359	8.3451	10.3877406874485	3.37681	-3.31911	0.00090306	0.0408787
XLOC_006079	fbxa-163	0.195708	2.02577	10.3510125794988	3.3717	-3.31915	0.000902917	0.0408787
XLOC_019619	ZK180.5	1.01351	10.4538	10.3144858260527	3.3666	-4.25982	2.04589e-05	0.00176308
XLOC_004232	F56D3.1	0.804764	8.21251	10.204899009359	3.35119	-4.74638	2.07088e-06	0.000260721
XLOC_000287	col-49	0.953033	9.61687	10.090809435985	3.33497	-3.38426	0.000713713	0.034643
XLOC_000789	col-7	0.678442	6.82352	10.0576405927892	3.33022	-4.27245	1.93337e-05	0.00169327
XLOC_005221	ZK970.7	21.821	218.658	10.0205514509967	3.32489	-9.47215	0	0
XLOC_012166	ssq-2	0.274148	2.71316	9.89664823090939	3.30694	-3.26132	0.00110893	0.0488263
XLOC_029002	col-162	1.49049	13.6685	9.17049748582702	3.197	-4.28325	1.84187e-05	0.00162195
XLOC_038672	col-180	0.805629	7.20954	8.94895981477816	3.16172	-3.95969	7.50472e-05	0.00535127
XLOC_004974	W01C9.2	0.264817	2.2724	8.58102507516445	3.10115	-3.36348	0.000769674	0.036805
XLOC_002681	col-63	1.24023	10.5793	8.53008430418832	3.09256	-3.73935	0.000184495	0.0112619
XLOC_033701	Y39B6A.24	9.47765	80.6984	8.51460733969895	3.08994	-8.05685	8.88178e-16	4.771e-13
XLOC_026931	F25A2.1	0.723387	5.85243	8.09033812808613	3.0162	-3.90379	9.46963e-05	0.00641189
XLOC_022062	col-130	1.0079	8.13811	8.07431572086996	3.01334	-3.69547	0.000219481	0.012815
XLOC_002598	col-62	0.921302	7.43431	8.06933620359504	3.01245	-3.97328	7.08893e-05	0.00512279
XLOC_038783	F19H6.3	0.196689	1.58514	8.05916292937661	3.01063	-3.81301	0.000137285	0.00888492
XLOC_032025	col-12	2.71366	21.835	8.0463249375632	3.00833	-4.18882	2.8041e-05	0.00230916
XLOC_019283	col-104	1.9293	15.3539	7.95824326753771	2.99245	-4.34136	1.41601e-05	0.00131039
XLOC_014428	C32H11.4	0.552026	4.32559	7.83585119128291	2.97009	-3.83144	0.000127397	0.00834555
XLOC_013729	col-3	5.7704	44.8981	7.78075417545417	2.95991	-6.3337	2.39348e-10	6.53744e-08
XLOC_011230	tbx-38	1.2568	9.73925	7.74921407645359	2.95405	-4.71696	2.39401e-06	0.000290071
XLOC_031871	col-147	1.90662	14.7315	7.72652655964003	2.94982	-4.7272	2.27633e-06	0.000280023
XLOC_021407	col-117	5.67666	43.8165	7.71871130945713	2.94836	-6.29371	3.09966e-10	7.91462e-08
XLOC_028943	F15B9.6	2.06878	15.929	7.6996880674088	2.9448	-4.5549	5.24117e-06	0.000566855
XLOC_034979	col-167	2.57272	18.6116	7.23418253021493	2.85483	-5.30837	1.10609e-07	2.00276e-05
XLOC_028903	ugt-18	2.31411	16.1753	6.98984275117698	2.80526	-5.44431	5.20058e-08	9.74504e-06
XLOC_033113	Y6E2A.4	0.378556	2.60796	6.88926465002099	2.78435	-3.61545	0.000299829	0.0169535
XLOC_037813	nas-33	0.499629	3.41888	6.84281526708267	2.77459	-3.94994	7.81706e-05	0.00550096
XLOC_011335	col-97	1.55562	10.5855	6.8046454813873	2.76652	-3.77699	0.000158736	0.010071
XLOC_003144	col-65	0.943296	6.39339	6.77771982296124	2.7608	-3.75215	0.000175324	0.0108307
XLOC_014443	K10D11.2	1.24783	8.41996	6.74767271629787	2.75439	-3.90571	9.39493e-05	0.00638815
XLOC_031045	C02E7.7	6.56539	43.9738	6.69781254876812	2.74369	-3.51635	0.000437527	0.0231172
XLOC_000757	col-60	1.0586	7.02825	6.63915668471986	2.731	-3.54555	0.000391789	0.021116
XLOC_032024	col-13	3.55689	22.7391	6.39298629030482	2.67649	-4.74667	2.0679e-06	0.000260721
XLOC_013156	col-112	2.43364	15.4868	6.36367430526903	2.66986	-3.92108	8.81546e-05	0.00609704
XLOC_027312	cyp-35B1	0.961776	5.95039	6.18687120069121	2.62921	-4.20662	2.59223e-05	0.00216445
XLOC_034982	col-170	1.05533	6.46577	6.12678404270565	2.61513	-3.70274	0.000213285	0.0126364
XLOC_031011	F41F3.3	11.4596	68.9952	6.02073658904188	2.58994	-4.45174	8.51759e-06	0.000874274
XLOC_006416	col-71	1.8074	10.8366	5.99570748642269	2.58393	-4.06328	4.83887e-05	0.00364385
XLOC_007597	ram-2	4.57054	26.6323	5.82694623880802	2.54274	-5.1014	3.37155e-07	5.43325e-05
XLOC_034923	C45B2.2	4.5244	25.8953	5.72346967069941	2.51689	-3.57736	0.000347088	0.0190249
XLOC_034981	col-169	1.21885	6.94617	5.69896526686072	2.5107	-3.63568	0.000277245	0.0158997
XLOC_014338	thn-1	3.42044	19.2252	5.62066176362359	2.49074	-4.35545	1.32792e-05	0.00125143
XLOC_034980	col-168	2.37522	13.3354	5.61439278943275	2.48913	-4.37901	1.19221e-05	0.00115737
XLOC_002776	fip-6	16.1567	85.3067	5.27997097925352	2.40053	-4.70796	2.50212e-06	0.000298679
XLOC_032628	far-4	1.65923	8.52258	5.13647990218932	2.36078	-3.35235	0.000801281	0.0376462
XLOC_033891	F48F5.2	0.18707	0.956014	5.11044882014117	2.35345	-3.30429	0.000952187	0.0423881
XLOC_031348	mtl-1	69.9901	351.167	5.01736536809178	2.32693	-6.21839	5.0228e-10	1.2081e-07
XLOC_027342	C49G7.12	1.38282	6.92224	5.00590183407806	2.32363	-3.40012	0.000673565	0.0334806
XLOC_035686	fip-5	32.8817	163.458	4.97108234004622	2.31356	-5.63533	1.74727e-08	3.4762e-06
XLOC_019557	F49F1.7	3.42629	16.6892	4.87090552075386	2.28419	-4.16909	3.05819e-05	0.00247652
XLOC_014340	thn-2	87.5676	390.941	4.46444240974963	2.15848	-8.6834	0	0
XLOC_037008	tts-1	146.179	651.871	4.45943210792219	2.15686	-8.37051	0	0
XLOC_007208	col-38	4.8923	21.4463	4.38370282478526	2.13215	-4.03113	5.55087e-05	0.00409931
XLOC_030522	oac-32	0.855472	3.66758	4.28721271527359	2.10004	-3.43069	0.000602056	0.0306061
XLOC_027488	B0238.12	3.01995	12.7692	4.2282773145634	2.08007	-3.34911	0.000810717	0.0377592
XLOC_029392	T26H5.9	46.2997	193.777	4.18526797836722	2.06532	-4.36045	1.29797e-05	0.00123688
XLOC_007945	F08G2.5	4.72958	19.1605	4.05120193791427	2.01835	-3.61101	0.000305008	0.0171262
XLOC_007996	cpg-7	23.0711	93.2843	4.04334694115312	2.01555	-4.24347	2.20094e-05	0.0018473
XLOC_027066	Y5H2B.3	5.05835	20.0625	3.96620706841026	1.98776	-3.76326	0.000167713	0.0104756
XLOC_036162	K08H2.10	3.61987	14.0201	3.87310335323386	1.95349	-3.66851	0.000243972	0.0141935
XLOC_035500	F47E1.2	6.08531	23.3858	3.84299207157727	1.94223	-5.24131	1.59439e-07	2.79279e-05
XLOC_028280	lipl-2	3.07727	11.4616	3.72458580848681	1.89708	-3.61927	0.000295435	0.0168231
XLOC_014082	ZK596.1	7.0283	26.1164	3.71589567976823	1.89371	-3.96113	7.45966e-05	0.00534278
XLOC_028254	cyp-29A4	4.41776	16.0022	3.62225973803834	1.85689	-4.12414	3.72129e-05	0.00289703
XLOC_007918	clec-145,clec-146	47.5306	170.088	3.57848764835055	1.83935	-4.62889	3.6763e-06	0.000423168
XLOC_014454	scl-2	23.9486	85.618	3.57506630724026	1.83797	-5.20417	1.94869e-07	3.30559e-05
XLOC_031801	col-10	9.4767	33.7467	3.56101867098637	1.83229	-4.18846	2.80853e-05	0.00230916
XLOC_011942	F49F1.1	5.37123	18.8413	3.50780852524302	1.81057	-3.59403	0.000325604	0.0179696
XLOC_026950	cnc-4	117.058	391.891	3.34783865352399	1.74323	-5.4178	6.0338e-08	1.11764e-05
XLOC_038223	F53A9.8	140.181	468.893	3.34491604335932	1.74197	-5.81418	6.09305e-09	1.27519e-06
XLOC_007384	T15H9.6	2.04788	6.80126	3.32112034115797	1.73167	-3.34967	0.000809079	0.0377592
XLOC_031012	col-139	11.3525	36.4968	3.21484682419857	1.68475	-3.80491	0.000141858	0.00911559
XLOC_037968	spp-2	60.5933	190.333	3.14116559380829	1.6513	-4.63253	3.6122e-06	0.000420526
XLOC_014016	ugt-44	12.0138	37.3941	3.11257801938907	1.63811	-4.91152	9.03735e-07	0.000126641
XLOC_031799	col-144	10.844	32.607	3.00692732591355	1.58829	-3.69958	0.00021596	0.0126876
XLOC_021993	col-129	16.9403	49.2372	2.90651428665931	1.53929	-4.00159	6.2917e-05	0.00456715
XLOC_030508	cnc-2	167.855	487.179	2.90236708532638	1.53723	-4.89205	9.97912e-07	0.000138632
XLOC_029277	hil-1	8.26256	23.607	2.85709696556395	1.51455	-3.33775	0.000844596	0.0388741
XLOC_021319	clec-52	11.1952	31.3193	2.79756179680771	1.48417	-3.56542	0.00036328	0.0197113
XLOC_022116	K08D8.5	16.7347	45.7475	2.73369066161105	1.45085	-4.01884	5.84842e-05	0.00428397
XLOC_031083	ugt-63	6.16905	16.5477	2.68237324809953	1.42351	-3.38617	0.00070876	0.0346111
XLOC_033630	ttr-26	26.3135	68.131	2.58920644478862	1.37251	-3.31374	0.000920565	0.0414069
XLOC_001667	W04A4.2	11.217	28.9436	2.58033789715253	1.36756	-3.38749	0.000705348	0.0345743
XLOC_027327	nlp-31	125.011	312.428	2.49920630806704	1.32147	-4.24485	2.18739e-05	0.00184554
XLOC_001964	W03F11.1	342.992	850.287	2.47903733674993	1.30978	-6.56241	5.29434e-11	1.64074e-08
XLOC_013352	21ur-13425,C17H12.8	35.0757	86.7505	2.47323615345544	1.3064	-4.48876	7.16383e-06	0.000744807
XLOC_028743	cpr-1	664.665	1611.48	2.42450461520105	1.27769	-7.47075	7.9714e-14	3.29382e-11
XLOC_011722	ilys-3	113.413	269.058	2.37237158964775	1.24633	-4.20136	2.65312e-05	0.00220386
XLOC_034445	ZK813.2	178.513	400.738	2.24486704170749	1.16663	-4.24999	2.13784e-05	0.00182282
XLOC_010973	C48B4.1	25.6763	54.9852	2.14146782311179	1.0986	-3.53071	0.000414442	0.022115
XLOC_015823	21ur-10697,21ur-11268,F13G11.3	253.632	521.274	2.05524445325285	1.03931	-4.82902	1.37208e-06	0.000181238
XLOC_007861	clec-62	52.8832	108.542	2.05246838534218	1.03736	-3.36225	0.000773095	0.0368592
XLOC_032537	F45D3.4	195.21	399.631	2.04718289745666	1.03364	-3.85951	0.000113615	0.00762877
XLOC_027329	nlp-29	404.792	826.526	2.04185440767579	1.02988	-4.03029	5.57089e-05	0.00409931
XLOC_020705	K08B4.7,cpi-1	609.855	1234.79	2.0247306514282	1.01773	-4.87188	1.10541e-06	0.000151143
XLOC_014487	ttr-45	279.793	563.958	2.01562883451985	1.01123	-4.13176	3.60001e-05	0.00282996
XLOC_034258	hex-1	43.7192	86.8032	1.98547060246478	0.989481	-3.95117	7.777e-05	0.00549677
XLOC_022160	ttr-51	810.621	1607.35	1.98286574566869	0.987587	-3.91359	9.09338e-05	0.00626238
XLOC_013672	aagr-1	18.9548	37.5087	1.97885650438999	0.984667	-3.35933	0.000781303	0.0370621
XLOC_028724	sodh-1	54.8207	107.234	1.95609033837254	0.967973	-3.75202	0.000175416	0.0108307
XLOC_007008	E04F6.8	422.647	811.487	1.92001289464841	0.941116	-3.71811	0.000200716	0.0120692
XLOC_027492	C10G8.4	1176.03	2254.97	1.91744075222355	0.939182	-4.39013	1.13285e-05	0.00110714
XLOC_002769	F55H12.4	170.205	323.014	1.89779215768414	0.924322	-3.81503	0.000136167	0.00884812
XLOC_037829	ilys-5	1169.84	2156.99	1.84382917400302	0.882705	-4.65077	3.30703e-06	0.000391859
XLOC_015699	Y57G11B.5	295.638	542.45	1.83484347967297	0.875657	-4.07269	4.64729e-05	0.00351601
XLOC_035049	nas-11	41.3794	75.422	1.82269226004115	0.866071	-3.34996	0.000808224	0.0377592
XLOC_037970	spp-5	1492.49	2681.59	1.796715519775	0.845362	-4.25041	2.13378e-05	0.00182282
XLOC_011113	sip-1	2191.59	3656.31	1.66833383250514	0.738408	-4.34028	1.42301e-05	0.00131039
XLOC_031370	spn-4	767.136	1177.47	1.53488971638587	0.618135	-3.42812	0.000607775	0.0307031
XLOC_019263	C44B12.5	887.651	1307.77	1.47329466072943	0.559046	-3.33784	0.000844321	0.0388741
XLOC_026763	NA	674.902	446.015	0.660859275678645	-0.597585	3.61101	0.000305001	0.0171262
XLOC_001175	rpl-30	2598.84	1668.2	0.641902462207925	-0.639574	3.41077	0.000647801	0.0323198
XLOC_037268	F40F4.6	83.9808	53.508	0.637145600538921	-0.650305	3.41467	0.000638585	0.0320586
XLOC_028178	asp-2	556.278	343.681	0.6178210793389	-0.694739	3.58222	0.000340681	0.0187375
XLOC_032896	pes-9	293.539	181.29	0.617602286969171	-0.69525	3.37417	0.000740389	0.0356739
XLOC_008468	ubl-1	1779.14	1088.49	0.611810172610731	-0.708844	3.73304	0.00018918	0.0115043
XLOC_005723	rpl-43	2771.69	1670.28	0.602623149668242	-0.730672	3.38051	0.00072352	0.0350136
XLOC_002029	Y71F9AL.12,Y71F9AL.19,rpl-1	2175.53	1309.53	0.601937665699258	-0.732314	3.86392	0.000111584	0.00752375
XLOC_037956	F46H5.3	614.641	369.374	0.600959636258327	-0.73466	3.60453	0.00031272	0.0174377
XLOC_032113	D1054.10	1366.83	813.005	0.594810491686946	-0.749498	4.05219	5.07409e-05	0.0038032
XLOC_003519	lev-11	372.422	220.752	0.592746851639247	-0.754512	3.33334	0.000858098	0.0391735
XLOC_031289	gfi-1	107.367	61.183	0.569848768487248	-0.811349	4.31606	1.58841e-05	0.00142455
XLOC_036812	mlc-1	107.275	60.8679	0.567401944545738	-0.817557	3.32044	0.000898751	0.0408787
XLOC_035852	aco-1	87.8684	49.5757	0.564204078507599	-0.825711	3.59634	0.000322722	0.0179333
XLOC_037244	gpd-2,gpd-3,mai-1	722.223	405.209	0.561057679599016	-0.833779	3.96461	7.35166e-05	0.00528893
XLOC_031308	lec-10	250.298	139.788	0.558487927391157	-0.840402	3.3089	0.00093663	0.0418111
XLOC_028465	D1054.11	648.577	351.227	0.541535191840892	-0.884873	4.57352	4.79606e-06	0.000525772
XLOC_005019	F07H5.5	412.384	222.109	0.538596589667566	-0.892723	4.34765	1.37606e-05	0.0012818
XLOC_013964	gst-4	183.134	97.5672	0.532763075006102	-0.908434	3.33745	0.00084552	0.0388741
XLOC_033723	Y39B6A.1	167.333	89.0517	0.532183984580044	-0.910003	3.79941	0.000145042	0.00927518
XLOC_031290	F57F4.4	137.896	73.3363	0.531824446302299	-0.910978	4.96048	7.03176e-07	0.00010028
XLOC_036904	ifc-2	37.2262	19.693	0.529008936876101	-0.918636	3.45275	0.000554899	0.0285693
XLOC_005651	tag-10	116.436	61.3941	0.527277741063467	-0.923365	3.2782	0.0010447	0.0461242
XLOC_032575	F18E2.1	83.4848	43.7572	0.524133780865262	-0.931993	3.38529	0.000711019	0.0346165
XLOC_005010	K08F8.1	115.567	60.5621	0.524044416228747	-0.932239	3.50007	0.000465131	0.0244156
XLOC_036645	F23A7.8	2600.54	1353.27	0.520381291133295	-0.942359	3.5244	0.000424448	0.0225742
XLOC_034458	C12D12.1,glt-1	125.656	64.7883	0.51560136921733	-0.955672	3.3558	0.00079135	0.0372883
XLOC_036372	his-24	195.145	100.532	0.515167326035917	-0.956887	3.74851	0.000177891	0.0109
XLOC_036610	F53H4.2	323.656	166.628	0.514829632670235	-0.957833	4.18153	2.8955e-05	0.00236857
XLOC_005305	R03D7.1	104.894	53.7957	0.512859658992859	-0.963364	4.63868	3.50637e-06	0.000412446
XLOC_010508	C56G2.7,let-767	443.52	226.745	0.511239070177592	-0.96793	4.42665	9.57086e-06	0.000957978
XLOC_005430	alh-8	428.398	217.413	0.507500799434441	-0.978518	4.43793	9.08267e-06	0.000920549
XLOC_001395	R06C1.4	313.268	157.277	0.502051406993238	-0.994093	3.39735	0.000680428	0.0336353
XLOC_036107	bcat-1	121.68	60.9124	0.500596809046734	-0.998279	4.11863	3.81127e-05	0.00295282
XLOC_004494	ifb-1	102.047	50.9656	0.499428480459741	-1.00165	3.79476	0.000147785	0.00941324
XLOC_002006	cpz-1	282.133	140.762	0.49891985878637	-1.00312	4.41237	1.02244e-05	0.00101708
XLOC_005590	dct-18	179.553	89.5189	0.498563786268739	-1.00415	3.74959	0.000177123	0.0108944
XLOC_011393	act-5	298.3	147.782	0.495415186886872	-1.01329	4.15071	3.31444e-05	0.00264815
XLOC_005645	F54F11.2	84.1261	41.2124	0.4898900856837	-1.02947	4.84319	1.27772e-06	0.000171587
XLOC_030484	cpr-5	810.162	396.515	0.489425101169599	-1.03084	5.58298	2.36439e-08	4.59061e-06
XLOC_027393	T08H10.1	168.933	82.5967	0.488930056005137	-1.0323	4.16295	3.14163e-05	0.00253137
XLOC_035942	Y62H9A.4	280.767	137.173	0.488564180440261	-1.03338	3.70828	0.000208675	0.0124089
XLOC_035445	unc-27	314.72	153.036	0.486260059075631	-1.0402	4.55603	5.213e-06	0.000566855
XLOC_014124	T05E11.9	70.5887	34.183	0.484255385994255	-1.04616	3.35829	0.000784249	0.0370621
XLOC_019355	vha-3	216.633	104.688	0.483252801122879	-1.04915	3.5504	0.000384645	0.0208005
XLOC_011980	F55F10.1,Y24D9A.8	288.258	138.41	0.480160955477878	-1.05841	5.21309	1.85723e-07	3.18397e-05
XLOC_035251	vit-1	1161.75	555.009	0.477734178421943	-1.06572	6.32791	2.48506e-10	6.67446e-08
XLOC_029254	haf-7	30.6556	14.6373	0.477475958954943	-1.0665	3.42155	0.000622644	0.031356
XLOC_028654	nhr-68	53.6793	25.6197	0.477274115349696	-1.06711	3.31581	0.000913795	0.0412487
XLOC_013974	gta-1	230.043	109.237	0.474855345707313	-1.07444	4.94814	7.49279e-07	0.000105918
XLOC_020069	elo-6	612.798	290.182	0.473534025989921	-1.07846	5.14734	2.64206e-07	4.34456e-05
XLOC_034790	dpyd-1	19.9093	9.42193	0.473241992467305	-1.07935	3.39945	0.000675221	0.0334806
XLOC_002505	unc-87	182.142	86.1352	0.472904245903926	-1.08038	4.54208	5.57006e-06	0.00059841
XLOC_033316	cpl-1	1173.62	553.595	0.471696238048209	-1.08407	6.04257	1.51682e-09	3.44276e-07
XLOC_031707	F28A12.3,F28A12.4	278.181	130.945	0.470719655183402	-1.08706	4.71279	2.44349e-06	0.000293857
XLOC_019297	col-106	1211.8	569.05	0.469588831003104	-1.09053	5.97276	2.33279e-09	5.14971e-07
XLOC_037546	calu-1	196.675	92.1901	0.468743308272151	-1.09313	3.83239	0.000126904	0.00834555
XLOC_008912	Y40D12A.2	99.8493	46.621	0.466914403817023	-1.09877	4.24588	2.17737e-05	0.00184554
XLOC_035977	col-181	2336.46	1090.23	0.466616749563122	-1.09969	5.89333	3.78496e-09	8.02561e-07
XLOC_007790	daf-22	66.8001	31.1683	0.466590875553759	-1.09977	3.65555	0.000256627	0.0147698
XLOC_036215	cah-4	146.864	68.2037	0.464400039491643	-1.10656	3.50314	0.000459802	0.0242147
XLOC_038929	C29F7.3	97.7106	45.1998	0.462588081248828	-1.1122	3.3891	0.000701216	0.0345568
XLOC_006655	pmt-1	266.368	122.493	0.459864265428743	-1.12072	4.52134	6.14484e-06	0.000647216
XLOC_005969	acdh-9	44	20.2126	0.459376830903182	-1.12225	3.33705	0.000846715	0.0388741
XLOC_000368	cpn-3	301.64	138.306	0.458511555982973	-1.12497	4.35376	1.3382e-05	0.00125378
XLOC_010265	ugt-62	67.7107	31.0042	0.457892233441939	-1.12692	3.93318	8.38308e-05	0.00584819
XLOC_001814	rrn-1.2	290.32	132.008	0.454697822406402	-1.13702	4.12657	3.68213e-05	0.00288046
XLOC_008774	F09F7.3,F09F7.4,mlc-3	811.583	368.693	0.454288282682771	-1.13832	4.78751	1.68866e-06	0.000217702
XLOC_036199	col-184	1159.22	524.314	0.452296268901593	-1.14466	6.27185	3.56789e-10	8.71159e-08
XLOC_038641	T25C12.3	87.4224	39.4638	0.451416169131344	-1.14747	5.76806	8.0188e-09	1.63573e-06
XLOC_004491	ifb-2	60.3886	27.2041	0.450484695900336	-1.15045	3.45914	0.000541908	0.0280799
XLOC_001811	rrn-1.1	238.61	107.108	0.44888568672974	-1.15558	3.93494	8.32167e-05	0.00583059
XLOC_028275	F58E6.7	193.859	86.9639	0.448593306774123	-1.15652	3.29256	0.0009928	0.0439532
XLOC_033903	dct-16	3398.83	1516.79	0.446267299115203	-1.16402	4.84353	1.27554e-06	0.000171587
XLOC_019666	H06H21.8	53.6046	23.6895	0.441930068763298	-1.17811	3.38729	0.000705861	0.0345743
XLOC_036140	F17H10.1	40.6035	17.9176	0.441281141798004	-1.18023	3.43728	0.000587581	0.0299648
XLOC_000941	F36A2.3	152.218	66.9903	0.440092899360852	-1.18412	4.03409	5.48154e-05	0.00407074
XLOC_027510	F08F3.4	50.0695	21.9948	0.43928526108529	-1.18677	3.4282	0.000607587	0.0307031
XLOC_039237	F46F2.3	271.311	118.268	0.435912355157674	-1.19789	4.33185	1.47859e-05	0.00134619
XLOC_011788	Y54G2A.3	221.285	96.4364	0.43580057346692	-1.19826	3.47277	0.000515124	0.0267781
XLOC_027757	T15B7.1	184.777	80.4425	0.435350715642291	-1.19975	5.07529	3.86902e-07	6.05332e-05
XLOC_027567	K09H11.1	15.1334	6.56255	0.433646088031901	-1.20541	3.3736	0.000741923	0.0356739
XLOC_029130	D1086.11	192.017	82.9327	0.431903226727307	-1.21122	3.60719	0.000309528	0.0173196
XLOC_013857	col-122	2266.2	978.773	0.431900233012643	-1.21123	7.02932	2.07545e-12	7.30663e-10
XLOC_036122	F11C1.5	39.9731	17.1937	0.430131591305769	-1.21715	4.26153	2.0303e-05	0.00175905
XLOC_004761	maoc-1	114.503	49.2107	0.429776945635014	-1.21834	4.1027	4.08363e-05	0.00312262
XLOC_013653	vha-5	51.5528	22.1558	0.429770987702749	-1.21836	3.95251	7.73359e-05	0.00549016
XLOC_037511	aqp-8	89.3526	38.3673	0.429392828097053	-1.21963	4.00954	6.08379e-05	0.00443621
XLOC_025124	Y105C5B.5	344.475	147.815	0.429101247361779	-1.22061	4.30266	1.6876e-05	0.00149427
XLOC_005303	tba-4	55.5886	23.6938	0.42623471370664	-1.23028	3.84079	0.00012264	0.00816671
XLOC_037344	tag-18	96.8272	41.2095	0.425597033469982	-1.23244	3.61691	0.000298136	0.0169171
XLOC_000090	spp-17	1380.07	579.568	0.419955975080785	-1.25169	5.18592	2.14949e-07	3.60824e-05
XLOC_031958	ugt-17	51.7913	21.6834	0.418668418445829	-1.25612	3.91136	9.17788e-05	0.00629369
XLOC_031364	T25F10.6	168.592	69.5405	0.412478263411759	-1.27761	5.22797	1.71381e-07	2.96968e-05
XLOC_008102	gst-27	71.7276	28.9462	0.403558576247636	-1.30915	3.4889	0.000485014	0.0253766
XLOC_028239	K09G1.1	114.666	46.025	0.401382604977971	-1.31695	3.44785	0.000565072	0.0289084
XLOC_009697	col-98	235.755	94.303	0.400005016999526	-1.32191	5.56861	2.56781e-08	4.92622e-06
XLOC_034378	aqp-7	87.4834	34.9861	0.399916302886682	-1.32223	4.44269	8.88418e-06	0.00090613
XLOC_011386	acs-5	48.0596	19.1484	0.39842773952125	-1.32761	4.53583	5.73785e-06	0.000608325
XLOC_000675	C55B7.3,acdh-1,uri-1	1531.04	596.972	0.389911875362157	-1.35878	6.97953	2.96185e-12	9.9438e-10
XLOC_036409	csq-1	73.4599	28.6188	0.38958228983025	-1.36	4.11298	3.90584e-05	0.00301161
XLOC_004553	R12C12.1	54.9612	21.3536	0.388519792139942	-1.36394	4.57593	4.74101e-06	0.000525772
XLOC_029331	clec-47	145.046	56.1433	0.387073648721557	-1.36932	3.93003	8.49337e-05	0.0058996
XLOC_020063	elo-5	363.186	138.713	0.381932607385096	-1.38861	4.87165	1.10672e-06	0.000151143
XLOC_003498	ech-7	176.458	67.3856	0.381877016973995	-1.38882	3.54169	0.00039757	0.0213561
XLOC_036277	M03B6.2	27.5538	10.5019	0.381141867901087	-1.3916	3.72685	0.00019389	0.011719
XLOC_019233	col-103	217.389	82.8084	0.380922655413701	-1.39243	5.80502	6.43572e-09	1.32964e-06
XLOC_026728	F11E6.3,F11E6.4	265.079	100.741	0.380041796998091	-1.39577	5.02716	4.978e-07	7.49724e-05
XLOC_028715	R13H4.2	85.8199	32.1257	0.374339709292618	-1.41758	3.65894	0.000253259	0.0146282
XLOC_006649	pho-1	57.9095	21.6012	0.373016150140879	-1.42269	3.65929	0.000252916	0.0146282
XLOC_027513	rhr-1	87.3781	32.4608	0.371498940146116	-1.42857	5.039	4.67977e-07	7.18233e-05
XLOC_039549	NA	1737.18	640.448	0.368669507045562	-1.4396	3.63377	0.000279311	0.0159613
XLOC_028157	hsp-16.11	119.832	43.2487	0.360909744152895	-1.47029	3.35885	0.000782678	0.0370621
XLOC_031040	ugt-12	68.565	24.7297	0.360674666987156	-1.47123	4.97295	6.59406e-07	9.66029e-05
XLOC_010473	F42A10.3	26.6515	9.59547	0.360035232870026	-1.47379	3.258	0.00112199	0.0492667
XLOC_038869	R03G8.6	17.4814	6.10887	0.349450496113976	-1.51684	3.82532	0.0001306	0.0085207
XLOC_037538	ifa-4	29.3154	10.2255	0.348811618383192	-1.51948	4.6094	4.03836e-06	0.000451932
XLOC_002497	lbp-6	971.81	330.903	0.340500778065066	-1.55427	6.29154	3.14325e-10	7.91462e-08
XLOC_009579	col-95	576.508	195.216	0.338617866195727	-1.56227	7.58342	3.37508e-14	1.51082e-11
XLOC_039518	mlc-2	739.91	250.519	0.338580314355004	-1.56243	6.52152	6.9599e-11	2.07701e-08
XLOC_002255	pat-10	1681.64	558.939	0.332376433642607	-1.58911	7.24578	4.29878e-13	1.68963e-10
XLOC_011659	K08D12.6	34.8657	11.4644	0.328813172334716	-1.60466	4.83162	1.35424e-06	0.000180361
XLOC_027403	F54D11.2,F54D11.4,pmt-2	443.882	145.613	0.32804599205243	-1.60803	6.13931	8.28802e-10	1.96414e-07
XLOC_028226	haao-1	24.1616	7.8067	0.323103884377304	-1.62993	3.29866	0.000971467	0.0431273
XLOC_028058	grd-5	173.618	55.8572	0.321725010774018	-1.6361	4.57423	4.77974e-06	0.000525772
XLOC_004900	DH11.2	43.9631	14.1171	0.321112337228452	-1.63885	4.61654	3.90194e-06	0.000439719
XLOC_031955	ugt-47	45.2583	14.4092	0.318377436410222	-1.65119	4.80488	1.54841e-06	0.000201231
XLOC_007874	Y38F1A.6	492.767	156.728	0.318057607648756	-1.65264	7.48577	7.10543e-14	3.01326e-11
XLOC_032501	cdr-5	64.6808	20.2525	0.313114017139657	-1.67524	4.33804	1.43759e-05	0.00131629
XLOC_038532	F47B10.2	28.3349	8.78051	0.309883962967869	-1.6902	4.74141	2.12235e-06	0.000263089
XLOC_013980	col-124	433.879	134.039	0.308931738323276	-1.69464	6.2833	3.31471e-10	8.21793e-08
XLOC_031497	ddo-2	71.4346	21.7495	0.304467469864032	-1.71564	3.45823	0.000543727	0.0280839
XLOC_015052	21ur-10648,Y37A1B.5	80.9762	24.3341	0.300508978287426	-1.73452	3.77371	0.000160841	0.0101645
XLOC_035954	sams-1	170.624	51.266	0.300463156452028	-1.73474	5.91353	3.34848e-09	7.19476e-07
XLOC_026727	F11E6.6,elo-2	425.353	127.11	0.2988327145198	-1.74259	6.37567	1.82166e-10	5.06138e-08
XLOC_011496	R02D3.1	51.7991	15.3632	0.29659167322774	-1.75345	6.31988	2.61766e-10	6.91534e-08
XLOC_014269	ZK822.5	24.8754	7.10913	0.285788545696541	-1.80698	3.85524	0.000115616	0.00773095
XLOC_034309	ttr-42	179.481	51.2411	0.285495517608283	-1.80846	4.51706	6.27029e-06	0.000656141
XLOC_031343	pmp-5	86.3547	24.6336	0.285260125111228	-1.80965	4.74365	2.09898e-06	0.00026221
XLOC_009446	hpd-1	247.914	70.6127	0.284827430926873	-1.81184	7.58622	3.28626e-14	1.51082e-11
XLOC_037964	K03A1.4,sur-5	126.374	35.9496	0.284468339734408	-1.81366	5.5007	3.78281e-08	7.17177e-06
XLOC_005404	F54D5.16	112.507	31.5146	0.280112835871686	-1.83592	3.31317	0.000922438	0.0414069
XLOC_009533	T28D6.3	86.6009	24.1794	0.279205642006441	-1.8406	3.47446	0.000511881	0.0266957
XLOC_004767	F32A5.3	45.5811	12.6617	0.277784883889367	-1.84796	4.96918	6.72362e-07	9.76136e-05
XLOC_028904	ugt-16	36.024	9.89428	0.274658339035449	-1.86429	4.98946	6.05482e-07	8.9517e-05
XLOC_027369	nhr-114	79.4863	21.3965	0.269185014010607	-1.89333	4.62025	3.8328e-06	0.000438054
XLOC_019436	cpg-9	158.138	42.0809	0.266101767838036	-1.90995	4.31163	1.62059e-05	0.00144286
XLOC_008610	21ur-15030,R07E5.4	43.1662	11.4786	0.265917384057848	-1.91095	4.09805	4.16642e-05	0.00316707
XLOC_013819	C10C5.5	18.012	4.74187	0.263261781254604	-1.92543	3.69893	0.000216512	0.0126876
XLOC_027754	col-142	46.0548	12.1235	0.263241709312061	-1.92554	4.53954	5.63775e-06	0.000601672
XLOC_027183	F59D6.3	16.7967	4.40957	0.262527416392788	-1.92946	3.90843	9.28972e-05	0.00634339
XLOC_003648	clec-10	13.0279	3.4025	0.261171612534316	-1.93693	3.52265	0.000427255	0.0226487
XLOC_030713	F37B4.10,folt-2	433.019	108.079	0.249593107514134	-2.00235	8.31363	0	0
XLOC_013817	C10C5.3	24.2055	6.03284	0.249235244458474	-2.00442	4.61669	3.89905e-06	0.000439719
XLOC_036424	tatn-1	79.7122	19.8126	0.248552065943379	-2.00838	6.63536	3.23719e-11	1.02289e-08
XLOC_019112	clec-196	35.3878	8.75298	0.247343861377538	-2.01541	3.45176	0.000556946	0.0285834
XLOC_027444	ugt-13	21.2267	5.24084	0.246898503985393	-2.01801	4.4317	9.34919e-06	0.000941639
XLOC_008138	NA	3.79546	0.93651	0.246744528716042	-2.01891	4.37012	1.24176e-05	0.00119113
XLOC_030366	W03F9.4	96.1281	22.5973	0.235074507422851	-2.08881	7.8516	3.9968e-15	1.95177e-12
XLOC_031450	F10D2.10,fat-7	173.204	39.9834	0.230845577682349	-2.115	6.94563	3.76787e-12	1.23917e-09
XLOC_028668	nlp-24	179.638	41.3387	0.230121869358607	-2.11953	4.26302	2.01683e-05	0.00175682
XLOC_008599	mnp-1	9.53104	2.1893	0.229702744607518	-2.12216	4.37184	1.23205e-05	0.00118889
XLOC_011222	col-96	17.3362	3.95154	0.227935888515997	-2.1333	3.69948	0.000216041	0.0126876
XLOC_013869	F58G6.9	106.324	23.8491	0.224305981816613	-2.15646	3.83554	0.000125288	0.00830609
XLOC_005436	F44E5.5	37.2192	8.27006	0.222198348657306	-2.17008	5.61484	1.96747e-08	3.86656e-06
XLOC_007709	F44E5.4	37.9813	8.39898	0.221135108832885	-2.177	5.68713	1.29191e-08	2.6024e-06
XLOC_039417	F59C12.4	129.744	28.1495	0.216961355170566	-2.20449	3.56651	0.000361761	0.0196952
XLOC_011159	col-92	125.873	27.1751	0.215891747162478	-2.21162	6.07515	1.23872e-09	2.85172e-07
XLOC_007022	msra-1	456.93	95.3111	0.208589725222513	-2.26126	8.05733	8.88178e-16	4.771e-13
XLOC_010517	C05D11.5,nas-4	30.8845	6.39934	0.207202023884584	-2.27089	3.80469	0.00014198	0.00911559
XLOC_019188	col-101	1493.5	304.24	0.203708770400324	-2.29542	11.9712	0	0
XLOC_038317	H29C22.1	51.8825	10.5141	0.202652517101434	-2.30292	4.17922	2.92507e-05	0.00238068
XLOC_035838	col-178	1092.59	221.164	0.202420877354622	-2.30457	11.2305	0	0
XLOC_000326	Y47G6A.33	194.291	38.5809	0.198572810351403	-2.33226	3.72649	0.000194166	0.011719
XLOC_030437	fbxa-72	37.1697	7.32263	0.19700579870895	-2.34369	5.03465	4.78711e-07	7.27776e-05
XLOC_033257	T13F3.6	257.022	49.6881	0.193322304131415	-2.37092	7.17952	6.99663e-13	2.68454e-10
XLOC_032043	C35A5.3	69.5603	12.888	0.185278836005066	-2.43223	6.76523	1.33094e-11	4.2896e-09
XLOC_011836	grd-3	132.788	24.2156	0.182362373923326	-2.45512	6.30017	2.97312e-10	7.72771e-08
XLOC_031199	col-140	2088.9	374.537	0.179299081151145	-2.47956	10.0981	0	0
XLOC_035502	F47E1.4	3.06336	0.547016	0.178567322609095	-2.48546	3.53518	0.000407502	0.0218169
XLOC_032336	ceh-27	6.51907	1.11911	0.17166763802416	-2.54231	3.33575	0.000850696	0.0389459
XLOC_035839	col-179	447.867	76.2322	0.170211450655599	-2.5546	9.76901	0	0
XLOC_034048	col-19	904.346	151.046	0.167021994103959	-2.58189	11.8405	0	0
XLOC_027755	col-143	1271.9	211.035	0.165921184072803	-2.59143	12.7654	0	0
XLOC_026920	Y50D4B.3	16.055	2.4948	0.155391554413704	-2.68602	4.63167	3.62725e-06	0.000420526
XLOC_027245	T20D4.7	15.7034	2.43343	0.154962388371225	-2.69001	3.57324	0.000352586	0.0192608
XLOC_028773	C27A7.8	57.3763	8.80936	0.153536119942091	-2.70335	3.3404	0.000836578	0.0388514
XLOC_021427	col-119	2549.97	389.819	0.152871354442174	-2.70961	13.1528	0	0
XLOC_026919	Y50D4B.4	19.6119	2.89758	0.147745899919827	-2.75881	4.9662	6.82758e-07	9.82379e-05
XLOC_011161	col-94	240.239	31.6254	0.131640927363807	-2.92532	8.56288	0	0
XLOC_010589	col-8	1227.8	153.303	0.124859716472753	-3.00162	13.7487	0	0
XLOC_032665	col-160	584.349	71.2555	0.1219397163247	-3.03576	11.9649	0	0
XLOC_005284	col-80	838.575	98.8739	0.11790689562811	-3.08428	12.2963	0	0
XLOC_034151	dhs-25	331.735	35.4756	0.106939741528712	-3.22513	10.8261	0	0
XLOC_039054	ceh-36	5.23164	0.483098	0.0923413093886764	-3.43688	3.83461	0.000125764	0.00830609
XLOC_006585	col-20	1317.96	109.371	0.0829847471904734	-3.59101	15.217	0	0
XLOC_011160	col-93	757.406	55.7604	0.0736204306928931	-3.76375	13.0836	0	0
XLOC_037733	C09B8.4	86.3712	6.2285	0.0721133413197196	-3.79359	7.02864	2.08566e-12	7.30663e-10
XLOC_006700	acdh-2,ins-13	150.388	9.18915	0.0611031260174766	-4.03261	7.10173	1.23213e-12	4.51266e-10
